%YAML:1.0
K1: !!opencv-matrix
   rows: 3
   cols: 3
   dt: d
   data: [ 874.9891437882095, 0.000000e+00,  359.97642988934894,
           0.000000e+00, 875.6654334123147, 282.23307834898634,
           0.000000e+00, 0.000000e+00, 1.000000e+00 ]
K2: !!opencv-matrix
   rows: 3
   cols: 3
   dt: d
   data: [ 877.2371684864029, 0.000000e+00,   368.62815549460555,
           0.000000e+00, 877.6875036955637, 276.79306812777435,
           0.000000e+00, 0.000000e+00, 1.000000e+00 ]

D1: !!opencv-matrix
   rows: 1
   cols: 5
   dt: d
   data: [-0.20998712027871388, 0.08781144547739847, -0.0005406045967785414, 0.0009269771010254115,0 ]
D2: !!opencv-matrix
   rows: 1
   cols: 5
   dt: d
   data: [-0.21322132304389768, 0.08007967128865115, -0.00020660883018854594,0.0010125550547279666,0]

R2: !!opencv-matrix
   rows: 3
   cols: 3
   dt: d
   data: [0.9999304853695238, -0.010510794534215289, 0.005342997934367781,
          0.010431027777024685, 0.9998368899629176, 0.014744054014891308,
          -0.005497098160128473, -0.014687296127558777, 0.9998770250607211 ]
T2: !!opencv-matrix
   rows: 3
   cols: 1
   dt: d
   data: [ -0.1654672786853438,  -0.0015684135049010895,   0.002875782916669147]

XR: !!opencv-matrix
   rows: 3
   cols: 3
   dt: d
   data: [ 0.00080,   0.00080,   1.00000,
          -1.00000,   0.00000,   0.00080,
           0.00000,  -1.00000,   0.00080 ]
XT: !!opencv-matrix
   rows: 3
   cols: 1
   dt: d
   data: [ -4.0,
           0.0,
           1.7 ]

#-l
#/camera_array/cam2/image_raw
#-r
#/camera_array/cam3/image_raw
#-c
#/home/auv/ros_ws/src/stereo_dense_reconstruction/calibration/car_cam2_3.yml
#-w
#1224
#-h
#1024
#-u
#1224
#-v
#1024
