%YAML:1.0
K1: !!opencv-matrix
   rows: 3
   cols: 3
   dt: d
   data: [ 1888.44515582, 0.000000e+00, 613.189765,
           0.000000e+00, 1888.400094, 482.11894,
           0.000000e+00, 0.000000e+00, 1.000000e+00 ]
K2: !!opencv-matrix
   rows: 3
   cols: 3
   dt: d
   data: [ 1868.574127, 0.000000e+00, 573.224725051,
           0.000000e+00, 1869.70165, 460.0106709634,
           0.000000e+00, 0.000000e+00, 1.000000e+00 ]
D1: !!opencv-matrix
   rows: 1
   cols: 5
   dt: d
   data: [0, 0, 0.0, 0.0, 0 ]
D2: !!opencv-matrix
   rows: 1
   cols: 5
   dt: d
   data: [0,  0, 0.0, 0.0, 0 ]
R: !!opencv-matrix
   rows: 3
   cols: 3
   dt: d
   data: [ 0.9998592131007749, 0.002133118917412371, 0.016643430570987196,
           -0.00239350215916554, 0.9998748134921127, 0.015640603937018157,
           -0.01660798376989704, -0.01567823803189553, 0.9997391498422485]
T: [  -0.32888784771627, -0.001349905173234, -0.004532360112350092]


#-l
#/camera_array/cam2/image_raw
#-r
#/camera_array/cam3/image_raw
#-c
#/home/auv/ros_ws/src/stereo_dense_reconstruction/calibration/car_cam2_3.yml
#-w
#1224
#-h
#1024
#-u
#1224
#-v
#1024
