%YAML:1.0
K1: !!opencv-matrix
   rows: 3
   cols: 3
   dt: d
   data: [ 1865.4427759849775, 0.000000e+00, 568.6075566042924,
           0.000000e+00, 1867.286368213901, 464.6943881575174,
           0.000000e+00, 0.000000e+00, 1.000000e+00 ]
K2: !!opencv-matrix
   rows: 3
   cols: 3
   dt: d
   data: [ 1863.3629117735786, 0.000000e+00, 534.2117837491189,
           0.000000e+00, 1865.7245894818884, 460.3361772979548,
           0.000000e+00, 0.000000e+00, 1.000000e+00 ]
D1: !!opencv-matrix
   rows: 1
   cols: 5
   dt: d
   data: [0.010760435629327297, -0.3104600875594977, 0.0, 0.0, 5.6097978957 ]
D2: !!opencv-matrix
   rows: 1
   cols: 5
   dt: d
   data: [-0.022926541378004,  0.140919921974853, 0.0, 0.0,  1.804917487979 ]
R: !!opencv-matrix
   rows: 3
   cols: 3
   dt: d
   data: [ 0.9988682224901434, -0.021976701992009164, 0.042181733830450666,
          0.022053733418080514, 0.9997558595686804, -0.001361653561102434,
           -0.04214151090923063, 0.0022903771852349417, 0.99910902669861 ]
T: [  -0.32591833, -0.008957132510, 0.0196281546805 ]
XR: !!opencv-matrix
   rows: 3
   cols: 3
   dt: d
   data: [ 0.00080,   0.00080,   1.00000,
          -1.00000,   0.00000,   0.00080,
           0.00000,  -1.00000,   0.00080 ]
XT: !!opencv-matrix
   rows: 3
   cols: 1
   dt: d
   data: [ -4.0,
           0.0,
           1.7 ]

#-l
#/camera_array/cam2/image_raw
#-r
#/camera_array/cam3/image_raw
#-c
#/home/auv/ros_ws/src/stereo_dense_reconstruction/calibration/car_cam2_3.yml
#-w
#1224
#-h
#1024
#-u
#1224
#-v
#1024
