%YAML:1.0
K1: !!opencv-matrix
   rows: 3
   cols: 3
   dt: d
   data: [ 817.4960006373626, 0.000000e+00,  378.9854808847979,
           0.000000e+00, 821.1570581058319, 357.32564477697645,
           0.000000e+00, 0.000000e+00, 1.000000e+00 ]
K2: !!opencv-matrix
   rows: 3
   cols: 3
   dt: d
   data: [ 823.4827325550491, 0.000000e+00,   394.4108328270601,
           0.000000e+00, 826.9917492461251, 354.56725711081157,
           0.000000e+00, 0.000000e+00, 1.000000e+00 ]
K3: !!opencv-matrix
   rows: 3
   cols: 3
   dt: d
   data: [ 863.7988592192575, 0.000000e+00, 372.362589513163,
           0.000000e+00, 864.894950090461,  289.8189775704917,
           0.000000e+00, 0.000000e+00, 1.000000e+00 ]
K4: !!opencv-matrix
   rows: 3
   cols: 3
   dt: d
   data: [ 861.8910297046187, 0.000000e+00,  368.5324426230995,
           0.000000e+00, 862.6733197867768, 301.5071703014921,
           0.000000e+00, 0.000000e+00, 1.000000e+00 ]

K5: !!opencv-matrix
   rows: 3
   cols: 3
   dt: d
   data: [ 864.32450828, 0.000000e+00,  386.00963772,
           0.000000e+00, 865.17811655, 277.0610119839,
           0.000000e+00, 0.000000e+00, 1.000000e+00 ]

D1: !!opencv-matrix
   rows: 1
   cols: 5
   dt: d
   data: [-0.28637839831541606, 0.29162982588749126, 0.0055587005908987065, 0.008298441463342618,0 ]
D2: !!opencv-matrix
   rows: 1
   cols: 5
   dt: d
   data: [-0.2688106532146433, 0.34872981995691044, 0.009194513362588174, 0.00637942906451681,0]
D3: !!opencv-matrix
   rows: 1
   cols: 5
   dt: d
   data: [0, 0, 0.0, 0.0, 0 ]
D4: !!opencv-matrix
   rows: 1
   cols: 5
   dt: d
   data: [0, 0,0.0,0.0, 0]
D5: !!opencv-matrix
   rows: 1
   cols: 5
   dt: d
   data: [0, 0, 0.0, 0.0, 0 ]
R2: !!opencv-matrix
   rows: 3
   cols: 3
   dt: d
   data: [0.9998972188612697, -0.012656587654900592, -0.006735169072663048,
          0.012746582525644232, 0.9998277423567238, 0.013491117365841953,
          0.006563257378808177, -0.013575581121845178, 0.9998863071618638 ]
T2: !!opencv-matrix
   rows: 3
   cols: 1
   dt: d
   data: [ -0.1556234170425410,  -0.00256490638298846,  0.00807866240559733]
R3: !!opencv-matrix
   rows: 3
   cols: 3
   dt: d
   data: [0.9999955341520184, 0.0003804865838508606, -0.002964271576162149,
          -0.0003799870349098958, 0.9999999135101026, 0.00016908470906738706,
          0.002964335654245942, -0.00016795756919388695, 0.9999955922424769 ]
T3: !!opencv-matrix
   rows: 3
   cols: 1
   dt: d
   data: [ -0.15856609421346707, -0.0001455920290286507,  0.00685260422987228]
R4: !!opencv-matrix
   rows: 3
   cols: 3
   dt: d
   data: [0.9999724612527602, 0.003000858747192193, -0.006787605091446061,
          -0.0029912517817892803, 0.9999945107673285, 0.001425078240037065,
          0.006791844291204477, -0.0014047355593437452, 0.9999759484953292 ]
T4: !!opencv-matrix
   rows: 3
   cols: 1
   dt: d
   data: [ -0.16083222727651084, 0.0001621760188606617,  0.0016916370892173323]
R5: !!opencv-matrix
   rows: 3
   cols: 3
   dt: d
   data: [0.9999802681727546, 0.0006704816088461557, -0.006246096345111244,
          -0.0006617707256433172, 0.9999988058185147, 0.0013965747548189478,
          0.006247025263827134, -0.001392413714136412, 0.9999795177199363 ]
T5: !!opencv-matrix
   rows: 3
   cols: 1
   dt: d
   data: [ -0.16047911346010832, 0.00014863256113269296,  0.004340231980558782]
XR: !!opencv-matrix
   rows: 3
   cols: 3
   dt: d
   data: [ 0.00080,   0.00080,   1.00000,
          -1.00000,   0.00000,   0.00080,
           0.00000,  -1.00000,   0.00080 ]
XT: !!opencv-matrix
   rows: 3
   cols: 1
   dt: d
   data: [ -4.0,
           0.0,
           1.7 ]

#-l
#/camera_array/cam2/image_raw
#-r
#/camera_array/cam3/image_raw
#-c
#/home/auv/ros_ws/src/stereo_dense_reconstruction/calibration/car_cam2_3.yml
#-w
#1224
#-h
#1024
#-u
#1224
#-v
#1024
