%YAML:1.0
K1: !!opencv-matrix
   rows: 3
   cols: 3
   dt: d
   data: [ 8.739857e+02, 0.000000e+00, 6.612756e+02,
           0.000000e+00, 8.747789e+02, 2.594444e+02,
           0.000000e+00, 0.000000e+00, 1.000000e+00 ]
K2: !!opencv-matrix
   rows: 3
   cols: 3
   dt: d
   data: [ 8.591714e+02, 0.000000e+00, 6.729872e+02,
           0.000000e+00, 8.605244e+02, 2.653183e+02,
           0.000000e+00, 0.000000e+00, 1.000000e+00 ]
D1: !!opencv-matrix
   rows: 1
   cols: 5
   dt: d
   data: [-3.655202e-01, 1.598257e-01, -9.306540e-04, 2.840016e-03, -3.622184e-02]
D2: !!opencv-matrix
   rows: 1
   cols: 5
   dt: d
   data: [-3.678140e-01, 1.660940e-01, -1.028501e-03, 2.242173e-03, -3.992328e-02 ]
R: !!opencv-matrix
   rows: 3
   cols: 3
   dt: d
   data: [9.998690e-01, 1.606712e-02, 1.938405e-03,
          -1.601719e-02, 9.995958e-01, -2.348847e-02,
          -2.315013e-03, 2.345435e-02, 9.997222e-01 ]
T: [ -5.720062e-01, 1.185704e-02, -3.751575e-03]
XR: !!opencv-matrix
   rows: 3
   cols: 3
   dt: d
   data: [ 0.00080,   0.00080,   1.00000,
          -1.00000,   0.00000,   0.00080,
           0.00000,  -1.00000,   0.00080 ]
XT: !!opencv-matrix
   rows: 3
   cols: 1
   dt: d
   data: [ -4.0,
           0.0,
           1.7 ]
P1: !!opencv-matrix
   rows: 3
   cols: 4
   dt: d
   data: [6.254584e+02, 0.000000e+00, 6.245350e+02,0.000000e+00,
          0.000000e+00, 6.254584e+02, 1.911291e+02, 0.000000e+00,
          0.000000e+00, 0.000000e+00, 1.000000e+00, 0.000000e+00]

P2: !!opencv-matrix
   rows: 3
   cols: 4
   dt: d
   data: [6.254584e+02, 0.000000e+00, 6.245350e+02, -3.578112e+02,
          0.000000e+00, 6.254584e+02, 1.911291e+02, 0.000000e+00,
          0.000000e+00, 0.000000e+00, 1.000000e+00, 0.000000e+00]


#-l
#/camera_array/cam0/image_raw
#-r
#/camera_array/cam1/image_raw
#-c
#/home/auv/ros_ws/src/stereo_dense_reconstruction/calibration/original_test.yml
#-w
#1365
#-h
#369
#-u
#1365
#-v
#369

